2 4
Agent 
0 
Commodities 
0 1 0 1 8
0 2 0 1 6
0 3 0 2 9
1 0 0 2 8
1 2 0 2 6
1 3 0 3 6
2 0 0 3 9
2 1 0 1 6
2 3 0 4 7
3 0 0 2 7
3 1 0 4 7
3 2 0 3 7
Edges 
0 1 0 5 3
0 2 0 4 8
0 3 0 5 6
1 0 0 3 9
1 2 0 4 4
1 3 0 5 2
2 0 0 5 2
2 1 0 4 7
2 3 0 5 1
3 0 0 5 6
3 1 0 5 5
3 2 0 5 4
Agent 
1 
Commodities 
0 1 1 4 9
0 2 1 3 9
0 3 1 4 8
1 0 1 2 7
1 2 1 2 6
1 3 1 1 6
2 0 1 4 9
2 1 1 3 8
2 3 1 1 6
3 0 1 1 8
3 1 1 2 9
3 2 1 4 8
Edges 
0 1 1 3 4
0 2 1 3 4
0 3 1 3 8
1 0 1 4 6
1 2 1 5 9
1 3 1 5 1
2 0 1 5 8
2 1 1 3 8
2 3 1 5 7
3 0 1 4 1
3 1 1 3 9
3 2 1 4 2
