2 4
Agent 
0 
Commodities 
0 1 0 2 1
0 2 0 1 1
0 3 0 4 1
1 0 0 3 1
1 2 0 1 1
1 3 0 3 1
2 0 0 4 1
2 1 0 2 1
2 3 0 1 1
3 0 0 3 1
3 1 0 4 1
3 2 0 3 1
Edges 
0 1 0 4 9
0 2 0 3 4
0 3 0 4 8
1 0 0 3 4
1 2 0 3 2
1 3 0 4 7
2 0 0 4 6
2 1 0 4 8
2 3 0 3 2
3 0 0 5 2
3 1 0 3 8
3 2 0 3 3
Agent 
1 
Commodities 
0 1 1 2 1
0 2 1 4 1
0 3 1 2 1
1 0 1 2 1
1 2 1 2 1
1 3 1 4 1
2 0 1 4 1
2 1 1 4 1
2 3 1 4 1
3 0 1 4 1
3 1 1 3 1
3 2 1 3 1
Edges 
0 1 1 3 2
0 2 1 4 6
0 3 1 3 9
1 0 1 5 3
1 2 1 5 4
1 3 1 5 8
2 0 1 4 3
2 1 1 4 6
2 3 1 3 7
3 0 1 3 7
3 1 1 5 7
3 2 1 3 7
